0.436
0.392
0.40800000000000003
0.406
0.442
0.394
0.458
0.424
0.484
0.448
0.46
0.47800000000000004
0.47800000000000004
0.51
0.47200000000000003
0.51
0.498
0.48
0.5760000000000001
0.484
0.458
0.502
0.504
0.5
0.58
0.67
0.498
0.52
0.524
0.588
0.62
0.628
0.528
0.562
0.662
0.526
0.63
0.546
0.578
0.484
0.738
0.622
0.48
0.644
0.5680000000000001
0.592
0.536
0.732
0.538
0.534
0.646
0.53
0.772
0.668
0.5
0.592
0.666
0.578
0.612
0.614
0.724
0.6
0.738
0.5760000000000001
0.646
0.764
0.604
0.672
0.5700000000000001
0.656
0.714
0.772
0.552
0.762
0.654
0.72
0.754
0.724
0.718
0.602
0.774
0.7000000000000001
0.75
0.626
0.748
0.542
0.754
0.65
0.632
0.714
0.628
0.75
0.728
0.754
0.578
0.77
0.714
0.778
0.628
0.71
0.578
0.752
0.606
0.6920000000000001
0.772
0.578
0.74
0.624
0.732
0.622
0.764
0.678
0.774
0.76
0.6900000000000001
0.766
0.662
0.754
0.708
0.782
0.676
0.752
0.768
0.634
0.77
0.68
0.76
0.736
0.764
0.722
0.774
0.71
0.764
0.762
0.706
0.73
0.762
0.612
0.718
0.644
0.758
0.632
0.752
0.632
0.71
0.768
0.7000000000000001
0.748
0.746
0.774
0.762
0.654
0.764
0.776
0.77
0.74
0.756
0.76
0.764
0.77
0.598
0.762
0.742
0.6
0.77
0.536
0.6900000000000001
0.636
0.672
0.65
0.754
0.764
0.76
0.764
0.71
0.766
0.77
0.596
0.75
0.75
0.774
0.774
0.76
0.7020000000000001
0.76
0.758
0.772
0.752
0.712
0.766
0.774
0.754
0.774
0.766
0.772
0.766
0.666
0.774
0.77
0.774
0.604
0.766
0.768
0.764
0.774
0.77
0.77
0.772
0.756
0.77
0.764
0.772
0.59
0.724
0.68
0.77
0.636
0.756
0.764
0.77
0.772
0.766
0.764
0.766
0.774
0.77
0.776
0.772
0.6940000000000001
0.672
0.764
0.662
0.77
0.772
0.652
0.608
0.768
0.77
0.772
0.76
0.62
0.6920000000000001
0.546
0.732
0.61
0.608
0.756
0.758
0.764
0.76
0.772
0.73
0.776
0.726
0.77
0.774
0.772
0.762
0.766
0.71
0.718
0.768
0.768
0.74
0.758
0.77
0.772
0.768
0.77
0.762
0.758
0.746
0.754
0.76
0.74
0.754
0.76
0.768
0.762
0.7020000000000001
0.746
0.764
0.764
0.7020000000000001
0.764
0.766
0.772
0.77
0.764
0.77
0.768
0.766
0.764
0.768
0.772
0.734
0.764
0.77
0.768
0.758
0.762
0.762
0.776
0.74
0.754
0.748
0.754
0.768
0.744
0.754
0.754
0.762
0.76
0.624
0.758
0.772
0.776
0.77
0.742
0.762
0.764
0.752
0.77
0.756
0.766
0.77
0.764
0.584
0.6960000000000001
0.764
0.758
0.762
0.764
0.764
0.772
0.768
0.686
0.754
0.76
0.75
0.768
0.766
0.76
0.762
0.768
0.75
0.758
0.766
0.766
0.77
0.768
0.722
0.76
0.762
0.752
0.762
0.762
0.756
0.762
0.764
0.76
0.746
0.762
0.766
0.762
0.682
0.764
0.764
0.762
0.684
0.76
0.762
0.752
0.762
0.756
0.766
0.746
0.772
0.764
0.762
0.758
0.762
0.768
0.74
0.76
0.756
0.752
0.76
0.7000000000000001
0.718
0.766
0.758
0.76
0.768
0.76
0.764
0.746
0.758
0.766
0.764
0.758
0.748
0.756
0.754
0.766
0.772
0.774
0.764
0.764
0.77
0.764
0.76
0.744
0.762
0.764
0.752
0.766
0.764
0.766
0.728
0.776
0.764
0.772
0.77
0.764
0.668
0.762
0.762
0.76
0.766
0.75
0.76
0.762
0.768
0.772
0.768
0.746
0.744
0.764
0.682
0.764
0.756
0.756
0.75
0.766
0.76
0.684
0.752
0.754
0.754
0.766
0.724
0.758
0.718
0.766
0.768
0.752
0.76
0.732
0.764
0.718
0.76
0.756
0.764
0.762
0.774
0.768
0.764
0.764
0.744
0.766
0.766
0.766
0.764
0.766
0.762
0.75
0.764
0.746
0.764
0.76
0.762
0.764
0.762
0.764
0.76
0.772
0.768
0.768
0.738
0.754
0.758
0.76
0.77
0.774
0.768
0.76
0.684
0.75
0.766
0.658
0.752
0.758
0.746
0.748
0.762
0.764
0.766
0.772
0.768
0.756
0.762
0.768
0.772
0.76
0.75
0.754
0.756
0.764
0.762
0.758
0.764
0.752
0.672
0.5700000000000001
0.5760000000000001
0.726
0.772
0.772
0.768
0.746
0.75
0.768
0.766
0.768
0.77
0.686
0.734
0.772
0.77
0.768
0.764
0.762
0.718
0.768
0.766
0.752
0.758
0.76
0.758
0.77
0.754
0.756
0.76
0.756
0.752
0.76
0.768
0.758
0.756
0.77
0.772
0.748
0.76
0.764
0.764
0.76
0.76
0.756
0.752
0.758
0.748
0.76
0.768
0.74
0.772
0.76
0.774
0.752
0.766
0.752
0.772
0.762
0.746
0.762
0.756
0.762
0.766
0.768
0.752
0.774
0.722
0.714
0.746
0.606
0.758
0.6940000000000001
0.772
0.77
0.772
0.764
0.76
0.764
0.708
0.746
0.77
0.76
0.76
0.764
0.754
0.768
0.762
0.77
0.76
0.758
0.766
0.76
0.772
0.762
0.77
0.762
0.758
0.764
0.762
0.762
0.76
0.746
0.744
0.768
0.764
0.764
0.76
0.762
0.768
0.758
0.736
0.742
0.756
0.764
0.746
0.762
0.764
0.75
0.762
0.766
0.75
0.596
0.77
0.766
0.766
0.762
0.756
0.77
0.772
0.764
0.662
0.75
0.74
0.754
0.744
0.764
0.762
0.762
0.754
0.754
0.762
0.764
0.768
0.754
0.764
0.752
0.77
0.594
0.756
0.748
0.766
0.772
0.766
0.758
0.76
0.766
0.752
0.77
0.75
0.764
0.758
0.76
0.758
0.75
0.766
0.706
0.758
0.59
0.764
0.748
0.77
0.75
0.764
0.774
0.764
0.77
0.772
0.766
0.766
0.76
0.758
0.762
0.764
0.754
0.758
0.758
0.76
0.736
0.766
0.758
0.764
0.764
0.77
0.762
0.75
0.676
0.766
0.768
0.766
0.77
0.76
0.766
0.766
0.618
0.75
0.768
0.776
0.764
0.764
0.766
0.762
0.752
0.75
0.762
0.662
0.764
0.742
0.764
0.77
0.76
0.758
0.754
0.734
0.77
0.75
0.63
0.76
0.752
0.762
0.768
0.758
0.734
0.718
0.76
0.764
0.768
0.772
0.76
0.754
0.762
0.758
0.562
0.706
0.67
0.77
0.764
0.756
0.77
0.768
0.758
0.76
0.76
0.776
0.772
0.778
0.764
0.754
0.76
0.772
0.758
0.766
0.744
0.75
0.752
0.774
0.768
0.768
0.77
0.77
0.764
0.756
0.744
0.728
0.776
0.768
0.76
0.764
0.766
0.76
0.76
0.704
0.752
0.748
0.746
0.778
0.756
0.762
0.762
0.74
0.774
0.762
0.768
0.742
0.754
0.756
0.768
0.732
0.768
0.768
0.764
0.756
0.764
0.758
0.75
0.73
0.758
0.76
0.748
0.764
0.758
0.764
0.752
0.758
0.758
0.748
0.754
0.706
0.738
0.75
0.76
0.76
0.764
0.748
0.76
0.77
0.76
0.776
0.75
0.756
0.6980000000000001
0.756
0.768
0.77
0.758
0.768
0.75
0.74
0.76
0.758
0.77
0.766
0.774
0.768
0.768
0.768
0.756
0.766
0.762
0.768
0.766
0.762
0.766
0.746
0.772
0.756
0.766
0.764
0.762
0.764
0.75
0.744
0.764
0.756
0.766
0.762
0.748
0.742
0.746
0.758
0.756
0.768
0.726
0.76
0.724
0.764
0.768
0.754
0.752
0.76
0.744
0.766
0.7020000000000001
0.578
0.68
0.744
0.714
0.764
0.768
0.606
0.754
0.63
0.742
0.76
0.758
0.766
0.766
0.772
0.77
0.756
0.61
0.764
0.768
0.756
0.762
0.764
0.6960000000000001
0.74
0.592
0.752
0.76
0.72
0.764
0.766
0.76
0.762
0.758
0.764
0.758
0.764
0.758
0.752
0.768
0.736
0.766
0.748
0.76
0.758
0.756
0.77
0.764
0.748
0.756
0.764
0.766
0.758
0.774
0.774
0.768
0.766
0.764
0.766
0.756
0.774
0.77
0.628
0.762
0.726
0.76
0.76
0.77
0.764
0.64
0.672
0.67
0.768
0.764
0.658
0.764
0.762
0.766
0.77
0.768
0.76
0.76
0.754
0.764
0.772
0.766
0.764
0.764
0.754
0.766
0.764
0.76
0.764
