0.364
0.394
0.418
0.48
0.388
0.438
0.458
0.37
0.458
0.516
0.4
0.312
0.5740000000000001
0.326
0.58
0.266
0.616
0.65
0.364
0.63
0.6900000000000001
0.536
0.6960000000000001
0.604
0.582
0.706
0.644
0.298
0.708
0.6920000000000001
0.742
0.68
0.378
0.464
0.664
0.746
0.386
0.544
0.676
0.58
0.606
0.656
0.654
0.648
0.542
0.542
0.426
0.594
0.456
0.644
0.6920000000000001
0.514
0.626
0.542
0.6940000000000001
0.536
0.76
0.534
0.622
0.63
0.736
0.6880000000000001
0.748
0.54
0.664
0.596
0.706
0.766
0.622
0.732
0.592
0.6880000000000001
0.52
0.676
0.526
0.62
0.586
0.68
0.556
0.742
0.628
0.734
0.61
0.6900000000000001
0.614
0.76
0.554
0.722
0.552
0.75
0.654
0.764
0.724
0.768
0.648
0.738
0.618
0.778
0.772
0.6880000000000001
0.58
0.748
0.762
0.6940000000000001
0.774
0.6920000000000001
0.664
0.764
0.764
0.722
0.628
0.774
0.7000000000000001
0.746
0.712
0.752
0.754
0.746
0.758
0.736
0.782
0.77
0.638
0.754
0.752
0.722
0.73
0.752
0.734
0.758
0.76
0.766
0.668
0.562
0.52
0.684
0.738
0.684
0.73
0.708
0.776
0.734
0.722
0.654
0.756
0.756
0.738
0.772
0.744
0.762
0.76
0.648
0.77
0.742
0.734
0.76
0.748
0.774
0.77
0.77
0.772
0.718
0.708
0.518
0.76
0.684
0.756
0.708
0.77
0.772
0.68
0.73
0.746
0.766
0.748
0.764
0.732
0.746
0.758
0.736
0.6980000000000001
0.772
0.736
0.724
0.78
0.77
0.746
0.766
0.768
0.78
0.764
0.762
0.78
0.766
0.756
0.7000000000000001
0.726
0.748
0.754
0.72
0.718
0.746
0.73
0.77
0.768
0.724
0.726
0.772
0.764
0.762
0.764
0.774
0.764
0.754
0.732
0.768
0.752
0.726
0.748
0.6
0.726
0.768
0.766
0.742
0.748
0.74
0.632
0.75
0.752
0.736
0.764
0.748
0.754
0.742
0.684
0.748
0.728
0.76
0.762
0.762
0.762
0.77
0.658
0.756
0.742
0.762
0.75
0.776
0.718
0.74
0.678
0.582
0.584
0.438
0.562
0.5740000000000001
0.718
0.754
0.732
0.762
0.738
0.76
0.726
0.762
0.664
0.778
0.762
0.764
0.752
0.7020000000000001
0.736
0.738
0.724
0.63
0.736
0.746
0.744
0.762
0.754
0.766
0.708
0.766
0.754
0.778
0.738
0.754
0.76
0.764
0.744
0.708
0.782
0.74
0.754
0.74
0.764
0.768
0.772
0.756
0.624
0.746
0.76
0.754
0.764
0.762
0.762
0.74
0.726
0.754
0.714
0.738
0.766
0.718
0.778
0.768
0.756
0.782
0.752
0.758
0.73
0.74
0.75
0.76
0.732
0.736
0.752
0.768
0.71
0.652
0.528
0.746
0.506
0.486
0.532
0.588
0.508
0.594
0.526
0.654
0.632
0.494
0.64
0.708
0.708
0.61
0.762
0.754
0.768
0.746
0.77
0.708
0.7020000000000001
0.762
0.542
0.666
0.674
0.76
0.762
0.734
0.538
0.728
0.728
0.48
0.756
0.41200000000000003
0.548
0.754
0.728
0.6900000000000001
0.738
0.718
0.76
0.596
0.762
0.484
0.732
0.662
0.74
0.746
0.756
0.6940000000000001
0.63
0.678
0.752
0.71
0.758
0.6
0.77
0.706
0.762
0.732
0.73
0.736
0.77
0.766
0.75
0.748
0.718
0.748
0.738
0.722
0.758
0.744
0.75
0.714
0.746
0.76
0.668
0.756
0.712
0.78
0.726
0.738
0.73
0.752
0.676
0.608
0.764
0.456
0.614
0.714
0.782
0.732
0.768
0.7020000000000001
0.718
0.498
0.728
0.684
0.54
0.524
0.59
0.67
0.738
0.736
0.746
0.724
0.736
0.754
0.628
0.638
0.62
0.66
0.706
0.666
0.738
0.714
0.73
0.726
0.738
0.658
0.72
0.754
0.72
0.666
0.75
0.674
0.704
0.6880000000000001
0.72
0.74
0.67
0.756
0.732
0.746
0.726
0.746
0.75
0.7020000000000001
0.6940000000000001
0.71
0.718
0.748
0.708
0.672
0.708
0.634
0.632
0.7000000000000001
0.738
0.748
0.71
0.74
0.704
0.738
0.74
0.738
0.718
0.718
0.73
0.718
0.72
0.708
0.72
0.742
0.65
0.722
0.75
0.628
0.6900000000000001
0.716
0.716
0.486
0.716
0.584
0.534
0.618
0.622
0.7000000000000001
0.636
0.738
0.718
0.744
0.742
0.758
0.676
0.752
0.62
0.588
0.628
0.648
0.716
0.614
0.652
0.7000000000000001
0.77
0.732
0.6980000000000001
0.738
0.618
0.6900000000000001
0.718
0.706
0.72
0.722
0.684
0.6960000000000001
0.74
0.754
0.74
0.754
0.746
0.732
0.744
0.724
0.73
0.742
0.738
0.742
0.676
0.742
0.752
0.72
0.736
0.734
0.666
0.744
0.722
0.748
0.7020000000000001
0.678
0.758
0.45
0.7000000000000001
0.544
0.5680000000000001
0.536
0.686
0.706
0.634
0.718
0.604
0.668
0.662
0.668
0.74
0.632
0.704
0.628
0.6920000000000001
0.728
0.664
0.73
0.724
0.74
0.748
0.736
0.734
0.6880000000000001
0.74
0.728
0.73
0.706
0.746
0.718
0.756
0.74
0.718
0.602
0.754
0.62
0.734
0.742
0.6920000000000001
0.728
0.732
0.732
0.736
0.752
0.68
0.712
0.704
0.758
0.746
0.684
0.71
0.742
0.6920000000000001
0.732
0.754
0.732
0.738
0.734
0.716
0.6940000000000001
0.72
0.728
0.684
0.6980000000000001
0.752
0.746
0.714
0.746
0.742
0.708
0.756
0.734
0.722
0.746
0.736
0.644
0.678
0.752
0.684
0.74
0.73
0.758
0.718
0.682
0.726
0.74
0.67
0.684
0.714
0.728
0.75
0.764
0.712
0.716
0.744
0.704
0.728
0.754
0.742
0.75
0.726
0.706
0.74
0.758
0.752
0.716
0.716
0.7000000000000001
0.726
0.6900000000000001
0.732
0.708
0.726
0.71
0.71
0.736
0.718
0.724
0.736
0.68
0.74
0.71
0.744
0.712
0.71
0.74
0.706
0.728
0.732
0.672
0.758
0.738
0.7000000000000001
0.746
0.754
0.71
0.752
0.748
0.744
0.754
0.726
0.758
0.746
0.636
0.754
0.658
0.708
0.5680000000000001
0.554
0.556
0.444
0.552
0.558
0.558
0.552
0.676
0.5700000000000001
0.624
0.608
0.542
0.656
0.654
0.6920000000000001
0.714
0.616
0.72
0.74
0.666
0.546
0.5660000000000001
0.58
0.642
0.558
0.656
0.634
0.682
0.728
0.724
0.7000000000000001
0.708
0.712
0.71
0.73
0.598
0.6980000000000001
0.714
0.73
0.712
0.728
0.716
0.71
0.6980000000000001
0.5760000000000001
0.674
0.734
0.746
0.712
0.746
0.742
0.74
0.716
0.718
0.742
0.676
0.734
0.71
0.716
0.662
0.632
0.712
0.604
0.722
0.716
0.604
0.644
0.65
0.6940000000000001
0.72
0.71
0.722
0.712
0.624
0.598
0.6900000000000001
0.744
0.678
0.724
0.664
0.6980000000000001
0.708
0.724
0.664
0.6940000000000001
0.718
0.68
0.722
0.742
0.68
0.62
0.742
0.668
0.7000000000000001
0.74
0.75
0.74
0.722
0.6880000000000001
0.754
0.736
0.658
0.744
0.7020000000000001
0.742
0.74
0.664
0.58
0.54
0.594
0.5680000000000001
0.6960000000000001
0.752
0.7000000000000001
0.6980000000000001
0.734
0.73
0.706
0.744
0.6980000000000001
0.662
0.5700000000000001
0.736
0.662
0.662
0.728
0.656
0.7020000000000001
0.758
0.732
0.74
0.644
0.72
0.754
0.71
0.724
0.684
0.73
0.72
0.67
0.662
0.7020000000000001
0.736
0.716
0.728
0.74
0.748
0.716
0.746
0.704
0.738
0.6980000000000001
0.724
0.666
0.492
0.646
0.658
0.72
0.6940000000000001
0.652
0.676
0.752
0.734
0.736
0.712
0.736
0.742
0.6920000000000001
0.742
0.738
0.738
0.684
0.716
0.726
0.592
0.598
0.668
0.54
0.586
0.5760000000000001
0.648
0.722
0.73
0.734
0.718
0.732
0.714
0.686
0.742
0.736
0.7020000000000001
0.728
0.686
0.662
0.6960000000000001
0.722
0.6980000000000001
0.716
0.682
0.738
0.712
0.6900000000000001
0.704
0.704
0.594
0.598
0.724
0.738
0.722
0.752
0.704
0.746
0.712
0.73
0.6960000000000001
0.71
0.738
0.724
0.726
0.728
0.666
0.742
0.744
0.724
0.736
0.732
0.714
0.71
0.734
0.74
0.7020000000000001
0.746
0.734
0.74
0.7000000000000001
0.728
0.6920000000000001
0.746
0.744
0.736
0.71
0.706
0.73
0.712
0.746
0.6940000000000001
0.726
0.6920000000000001
0.72
0.724
0.73
0.668
0.7000000000000001
0.7020000000000001
0.712
0.704
0.726
0.724
0.6920000000000001
0.734
0.712
0.7020000000000001
0.734
0.704
0.7000000000000001
0.742
0.742
0.718
0.6880000000000001
0.732
0.6980000000000001
0.706
0.676
0.708
0.712
0.728
0.704
0.736
0.71
0.744
0.738
0.6960000000000001
0.734
0.752
0.708
0.706
0.732
0.706
