0.44
0.388
0.41000000000000003
0.41000000000000003
0.444
0.41200000000000003
0.442
0.41600000000000004
0.496
0.448
0.47400000000000003
0.47800000000000004
0.494
0.51
0.482
0.526
0.48
0.47000000000000003
0.646
0.504
0.47000000000000003
0.47400000000000003
0.534
0.428
0.548
0.73
0.47000000000000003
0.522
0.53
0.5740000000000001
0.682
0.62
0.502
0.682
0.526
0.502
0.622
0.624
0.72
0.434
0.712
0.544
0.642
0.548
0.708
0.538
0.626
0.7020000000000001
0.518
0.506
0.6900000000000001
0.584
0.762
0.726
0.542
0.672
0.59
0.714
0.59
0.608
0.646
0.6960000000000001
0.646
0.538
0.5720000000000001
0.734
0.76
0.754
0.5740000000000001
0.604
0.5700000000000001
0.676
0.55
0.706
0.638
0.65
0.718
0.64
0.744
0.56
0.6960000000000001
0.654
0.756
0.588
0.7000000000000001
0.584
0.738
0.682
0.614
0.732
0.75
0.74
0.6960000000000001
0.758
0.584
0.762
0.758
0.772
0.622
0.71
0.5640000000000001
0.758
0.588
0.74
0.774
0.558
0.75
0.628
0.75
0.63
0.754
0.654
0.734
0.756
0.76
0.6980000000000001
0.768
0.578
0.728
0.756
0.75
0.656
0.756
0.614
0.772
0.646
0.77
0.74
0.734
0.608
0.776
0.752
0.736
0.766
0.736
0.766
0.75
0.666
0.758
0.622
0.768
0.612
0.754
0.72
0.596
0.6960000000000001
0.598
0.74
0.764
0.766
0.758
0.6920000000000001
0.756
0.772
0.77
0.752
0.768
0.768
0.778
0.76
0.634
0.762
0.752
0.72
0.764
0.672
0.774
0.636
0.73
0.74
0.742
0.768
0.768
0.778
0.766
0.774
0.734
0.706
0.764
0.752
0.764
0.776
0.752
0.666
0.742
0.7020000000000001
0.77
0.764
0.716
0.764
0.768
0.756
0.768
0.762
0.768
0.754
0.664
0.766
0.76
0.764
0.616
0.772
0.766
0.768
0.776
0.774
0.768
0.768
0.77
0.762
0.768
0.774
0.59
0.708
0.674
0.766
0.748
0.772
0.772
0.642
0.778
0.768
0.772
0.76
0.766
0.77
0.774
0.772
0.64
0.722
0.76
0.73
0.768
0.77
0.752
0.59
0.66
0.758
0.766
0.74
0.678
0.728
0.754
0.762
0.768
0.744
0.754
0.764
0.772
0.76
0.762
0.752
0.764
0.666
0.766
0.778
0.766
0.76
0.766
0.64
0.6980000000000001
0.652
0.75
0.758
0.772
0.774
0.764
0.766
0.762
0.766
0.756
0.72
0.758
0.762
0.742
0.71
0.762
0.764
0.76
0.684
0.72
0.758
0.762
0.718
0.766
0.766
0.77
0.766
0.764
0.756
0.772
0.764
0.766
0.772
0.77
0.75
0.766
0.766
0.772
0.766
0.758
0.758
0.764
0.772
0.654
0.762
0.748
0.772
0.754
0.754
0.752
0.732
0.762
0.612
0.764
0.774
0.774
0.77
0.748
0.742
0.758
0.754
0.768
0.6960000000000001
0.768
0.77
0.712
0.638
0.652
0.766
0.766
0.76
0.768
0.758
0.764
0.762
0.734
0.754
0.762
0.748
0.762
0.77
0.76
0.762
0.77
0.768
0.744
0.76
0.762
0.77
0.768
0.766
0.756
0.754
0.752
0.764
0.762
0.756
0.764
0.77
0.756
0.758
0.766
0.762
0.762
0.7020000000000001
0.768
0.766
0.768
0.6880000000000001
0.764
0.762
0.75
0.764
0.766
0.764
0.752
0.772
0.764
0.742
0.75
0.764
0.768
0.72
0.762
0.754
0.75
0.752
0.774
0.766
0.764
0.758
0.762
0.76
0.764
0.764
0.76
0.768
0.766
0.762
0.762
0.746
0.762
0.754
0.772
0.77
0.76
0.762
0.754
0.768
0.762
0.772
0.748
0.764
0.758
0.744
0.77
0.77
0.76
0.73
0.764
0.766
0.778
0.762
0.766
0.63
0.742
0.764
0.762
0.768
0.76
0.766
0.766
0.766
0.77
0.762
0.754
0.752
0.768
0.76
0.766
0.75
0.754
0.77
0.772
0.762
0.662
0.756
0.754
0.762
0.764
0.754
0.764
0.754
0.772
0.762
0.75
0.764
0.738
0.762
0.742
0.762
0.764
0.75
0.766
0.772
0.768
0.766
0.77
0.752
0.768
0.76
0.768
0.768
0.768
0.762
0.75
0.762
0.732
0.772
0.76
0.746
0.762
0.762
0.758
0.762
0.772
0.764
0.764
0.75
0.76
0.766
0.758
0.762
0.768
0.764
0.762
0.748
0.77
0.756
0.584
0.732
0.652
0.74
0.732
0.662
0.764
0.764
0.768
0.766
0.754
0.768
0.768
0.762
0.762
0.728
0.738
0.756
0.752
0.764
0.724
0.768
0.758
0.682
0.462
0.616
0.47400000000000003
0.674
0.502
0.586
0.706
0.748
0.764
0.768
0.77
0.766
0.762
0.68
0.766
0.768
0.756
0.604
0.742
0.756
0.77
0.756
0.772
0.764
0.776
0.764
0.772
0.764
0.764
0.772
0.772
0.752
0.754
0.76
0.76
0.754
0.766
0.764
0.75
0.762
0.758
0.78
0.764
0.754
0.744
0.762
0.76
0.754
0.762
0.766
0.752
0.734
0.76
0.756
0.742
0.758
0.766
0.774
0.762
0.738
0.768
0.764
0.764
0.756
0.764
0.76
0.776
0.774
0.628
0.682
0.516
0.742
0.754
0.758
0.764
0.77
0.772
0.762
0.76
0.644
0.748
0.774
0.744
0.764
0.754
0.756
0.766
0.774
0.764
0.766
0.77
0.754
0.77
0.738
0.77
0.774
0.768
0.762
0.758
0.77
0.776
0.764
0.762
0.732
0.774
0.77
0.756
0.754
0.77
0.74
0.758
0.75
0.77
0.768
0.766
0.758
0.772
0.762
0.756
0.766
0.764
0.766
0.752
0.77
0.742
0.772
0.764
0.762
0.742
0.77
0.768
0.722
0.766
0.76
0.76
0.752
0.742
0.768
0.768
0.778
0.77
0.762
0.76
0.774
0.604
0.762
0.764
0.758
0.752
0.75
0.592
0.716
0.774
0.758
0.776
0.766
0.78
0.76
0.776
0.764
0.77
0.762
0.764
0.76
0.776
0.74
0.588
0.762
0.744
0.748
0.77
0.772
0.764
0.77
0.758
0.762
0.77
0.774
0.742
0.76
0.768
0.764
0.74
0.766
0.758
0.77
0.776
0.718
0.742
0.77
0.744
0.764
0.766
0.76
0.758
0.764
0.756
0.754
0.776
0.766
0.756
0.746
0.766
0.77
0.64
0.76
0.76
0.764
0.758
0.77
0.758
0.77
0.766
0.734
0.764
0.752
0.772
0.748
0.756
0.77
0.768
0.752
0.766
0.684
0.772
0.76
0.762
0.768
0.764
0.774
0.772
0.758
0.754
0.724
0.754
0.772
0.76
0.772
0.762
0.754
0.774
0.748
0.766
0.744
0.762
0.762
0.77
0.748
0.766
0.76
0.774
0.778
0.76
0.776
0.766
0.758
0.768
0.764
0.764
0.762
0.762
0.746
0.76
0.766
0.758
0.764
0.768
0.768
0.774
0.746
0.746
0.768
0.744
0.752
0.774
0.768
0.76
0.748
0.76
0.754
0.77
0.728
0.762
0.756
0.764
0.77
0.748
0.774
0.768
0.762
0.774
0.756
0.772
0.652
0.758
0.754
0.76
0.768
0.75
0.772
0.766
0.746
0.772
0.77
0.768
0.756
0.764
0.738
0.76
0.77
0.77
0.76
0.756
0.774
0.762
0.762
0.74
0.754
0.76
0.76
0.764
0.764
0.766
0.756
0.758
0.66
0.76
0.768
0.768
0.776
0.546
0.73
0.6
0.314
0.422
0.484
0.434
0.532
0.558
0.546
0.608
0.624
0.594
0.704
0.47000000000000003
0.676
0.512
0.6940000000000001
0.578
0.716
0.712
0.632
0.732
0.642
0.742
0.724
0.6920000000000001
0.55
0.618
0.684
0.728
0.72
0.7020000000000001
0.652
0.71
0.712
0.736
0.72
0.712
0.644
0.664
0.644
0.6920000000000001
0.528
0.446
0.602
0.684
0.724
0.716
0.732
0.74
0.662
0.708
0.726
0.738
0.752
0.742
0.634
0.73
0.668
0.74
0.636
0.7020000000000001
0.734
0.748
0.724
0.746
0.65
0.678
0.752
0.736
0.722
0.744
0.732
0.714
0.646
0.678
0.752
0.738
0.734
0.738
0.746
0.6960000000000001
0.61
0.744
0.712
0.754
0.75
0.742
0.746
0.736
0.726
0.736
0.742
0.726
0.704
0.744
0.742
0.754
0.74
0.746
0.738
0.736
0.732
0.6980000000000001
0.65
0.666
0.706
0.636
0.762
0.744
0.724
0.738
0.744
0.722
0.652
0.662
0.744
0.754
0.708
0.718
0.736
0.732
0.742
0.756
0.73
0.758
0.578
0.736
0.756
0.738
0.6940000000000001
0.678
0.746
0.746
0.746
0.732
0.732
0.742
0.746
0.74
0.746
0.746
0.752
0.73
0.736
