0.364
0.386
0.396
0.406
0.388
0.224
0.47200000000000003
0.34800000000000003
0.458
0.528
0.396
0.232
0.582
0.292
0.548
0.40800000000000003
0.63
0.648
0.616
0.25
0.52
0.592
0.686
0.642
0.59
0.686
0.596
0.294
0.6920000000000001
0.678
0.712
0.624
0.47600000000000003
0.47000000000000003
0.642
0.7020000000000001
0.398
0.652
0.726
0.678
0.424
0.628
0.624
0.66
0.342
0.56
0.444
0.592
0.506
0.62
0.728
0.554
0.676
0.686
0.648
0.76
0.682
0.776
0.684
0.686
0.592
0.658
0.728
0.67
0.728
0.5740000000000001
0.71
0.626
0.768
0.624
0.728
0.542
0.674
0.598
0.726
0.666
0.612
0.764
0.72
0.762
0.628
0.748
0.724
0.684
0.74
0.546
0.718
0.622
0.708
0.77
0.64
0.708
0.704
0.734
0.712
0.752
0.638
0.758
0.762
0.74
0.736
0.744
0.642
0.712
0.6980000000000001
0.756
0.632
0.774
0.708
0.71
0.652
0.6960000000000001
0.636
0.762
0.53
0.62
0.686
0.776
0.74
0.718
0.77
0.776
0.67
0.778
0.754
0.738
0.678
0.748
0.742
0.768
0.746
0.778
0.716
0.724
0.766
0.758
0.766
0.772
0.746
0.764
0.66
0.77
0.75
0.768
0.724
0.764
0.724
0.74
0.768
0.762
0.72
0.766
0.704
0.754
0.764
0.762
0.718
0.764
0.778
0.73
0.62
0.75
0.686
0.618
0.752
0.754
0.752
0.624
0.734
0.766
0.72
0.764
0.768
0.766
0.752
0.764
0.77
0.756
0.754
0.736
0.768
0.75
0.736
0.748
0.758
0.766
0.762
0.76
0.744
0.746
0.716
0.768
0.768
0.768
0.758
0.666
0.722
0.758
0.766
0.766
0.762
0.752
0.76
0.766
0.766
0.768
0.728
0.75
0.76
0.774
0.748
0.768
0.738
0.762
0.768
0.768
0.768
0.726
0.778
0.738
0.758
0.772
0.77
0.728
0.764
0.674
0.776
0.766
0.728
0.652
0.762
0.74
0.752
0.764
0.768
0.616
0.762
0.764
0.76
0.75
0.764
0.766
0.736
0.74
0.766
0.762
0.76
0.756
0.764
0.76
0.73
0.612
0.728
0.712
0.764
0.762
0.75
0.758
0.75
0.684
0.734
0.762
0.76
0.752
0.766
0.746
0.772
0.762
0.74
0.75
0.756
0.736
0.74
0.756
0.756
0.6980000000000001
0.748
0.732
0.752
0.672
0.756
0.76
0.736
0.756
0.752
0.766
0.77
0.762
0.746
0.71
0.724
0.746
0.752
0.758
0.766
0.762
0.754
0.766
0.766
0.73
0.746
0.744
0.76
0.764
0.766
0.746
0.77
0.768
0.71
0.74
0.748
0.682
0.754
0.764
0.756
0.748
0.764
0.774
0.746
0.746
0.752
0.74
0.744
0.684
0.712
0.746
0.766
0.6960000000000001
0.556
0.6
0.55
0.736
0.716
0.716
0.756
0.75
0.7020000000000001
0.684
0.762
0.748
0.748
0.758
0.74
0.76
0.756
0.77
0.732
0.764
0.768
0.77
0.768
0.752
0.548
0.764
0.77
0.73
0.76
0.762
0.622
0.764
0.766
0.778
0.762
0.746
0.74
0.78
0.74
0.75
0.756
0.754
0.758
0.77
0.752
0.75
0.748
0.764
0.764
0.742
0.744
0.728
0.714
0.74
0.77
0.764
0.744
0.75
0.75
0.754
0.768
0.756
0.752
0.74
0.758
0.746
0.744
0.776
0.75
0.754
0.762
0.726
0.756
0.756
0.738
0.746
0.754
0.768
0.762
0.732
0.726
0.76
0.756
0.772
0.746
0.758
0.752
0.742
0.774
0.772
0.6980000000000001
0.77
0.772
0.754
0.772
0.752
0.746
0.742
0.75
0.746
0.748
0.744
0.78
0.758
0.718
0.76
0.74
0.772
0.76
0.768
0.728
0.772
0.764
0.752
0.758
0.75
0.756
0.738
0.754
0.748
0.748
0.768
0.728
0.756
0.704
0.766
0.77
0.762
0.714
0.748
0.736
0.746
0.742
0.726
0.772
0.764
0.754
0.754
0.77
0.774
0.754
0.746
0.75
0.75
0.75
0.768
0.736
0.74
0.748
0.738
0.528
0.772
0.756
0.752
0.762
0.762
0.746
0.75
0.762
0.75
0.686
0.766
0.768
0.76
0.742
0.764
0.766
0.774
0.754
0.684
0.712
0.754
0.638
0.744
0.738
0.746
0.732
0.712
0.646
0.766
0.728
0.738
0.758
0.71
0.768
0.776
0.758
0.746
0.744
0.76
0.758
0.738
0.742
0.754
0.714
0.67
0.772
0.748
0.768
0.768
0.6960000000000001
0.746
0.742
0.762
0.746
0.746
0.746
0.768
0.7000000000000001
0.746
0.772
0.732
0.554
0.76
0.77
0.716
0.714
0.756
0.764
0.748
0.74
0.75
0.734
0.768
0.754
0.76
0.744
0.712
0.748
0.756
0.746
0.742
0.75
0.766
0.766
0.706
0.752
0.742
0.746
0.744
0.736
0.6960000000000001
0.744
0.744
0.75
0.764
0.73
0.754
0.754
0.762
0.728
0.76
0.74
0.762
0.76
0.756
0.742
0.74
0.75
0.742
0.746
0.754
0.758
0.762
0.776
0.774
0.746
0.782
0.75
0.716
0.756
0.746
0.748
0.776
0.742
0.672
0.762
0.766
0.758
0.752
0.758
0.746
0.742
0.764
0.776
0.76
0.754
0.75
0.754
0.742
0.756
0.772
0.758
0.754
0.756
0.75
0.666
0.744
0.748
0.73
0.756
0.754
0.6880000000000001
0.752
0.754
0.74
0.748
0.756
0.762
0.738
0.762
0.776
0.764
0.768
0.75
0.758
0.742
0.728
0.764
0.754
0.742
0.748
0.726
0.76
0.75
0.758
0.768
0.33
0.51
0.528
0.342
0.41600000000000004
0.51
0.482
0.368
0.46
0.46
0.642
0.442
0.338
0.23
0.53
0.228
0.498
0.342
0.37
0.498
0.28600000000000003
0.5
0.328
0.5
0.5
0.448
0.374
0.354
0.47000000000000003
0.28800000000000003
0.504
0.294
0.424
0.384
0.358
0.49
0.432
0.404
0.38
0.444
0.458
0.41000000000000003
0.322
0.456
0.322
0.486
0.312
0.27
0.446
0.444
0.294
0.49
0.27
0.41600000000000004
0.488
0.332
0.492
0.422
0.196
0.194
0.324
0.31
0.27
0.41000000000000003
0.28
0.452
0.34600000000000003
0.446
0.36
0.452
0.264
0.444
0.426
0.492
0.41400000000000003
0.424
0.46
0.34800000000000003
0.34600000000000003
0.298
0.442
0.422
0.342
0.28400000000000003
0.442
0.368
0.3
0.47200000000000003
0.396
0.278
0.464
0.48
0.394
0.318
0.424
0.32
0.39
0.458
0.388
0.34800000000000003
0.336
0.338
0.34
0.47800000000000004
0.466
0.47400000000000003
0.304
0.454
0.438
0.28400000000000003
0.484
0.35000000000000003
0.402
0.304
0.482
0.422
0.386
0.308
0.28600000000000003
0.446
0.318
0.444
0.428
0.3
0.468
0.434
0.308
0.292
0.442
0.334
0.448
0.292
0.306
0.28200000000000003
0.442
0.41400000000000003
0.456
0.448
0.334
0.444
0.302
0.452
0.446
0.342
0.454
0.454
0.31
0.328
0.452
0.44
0.364
0.404
0.302
0.322
0.294
0.432
0.35000000000000003
0.42
0.438
0.366
0.316
0.434
0.38
0.432
0.41000000000000003
0.332
0.398
0.32
0.418
0.34600000000000003
0.312
0.418
0.328
0.34800000000000003
0.422
0.362
0.374
0.308
0.34
0.422
0.398
0.336
0.402
0.43
0.356
0.404
0.434
0.418
0.424
0.426
0.376
0.41000000000000003
0.196
0.42
0.386
0.376
0.34400000000000003
0.42
0.31
0.372
0.28800000000000003
0.39
0.428
0.392
0.35000000000000003
0.366
0.326
0.392
0.406
0.332
0.316
0.294
0.342
0.42
0.316
0.342
0.376
0.362
0.384
0.388
0.34400000000000003
0.354
0.34
0.28400000000000003
0.31
0.28400000000000003
0.356
0.384
0.368
0.37
0.404
0.404
0.39
0.366
0.398
0.266
0.20800000000000002
0.28200000000000003
0.226
0.22
0.3
0.268
0.256
0.34400000000000003
0.34400000000000003
0.394
0.202
0.196
0.266
0.39
0.334
0.242
0.398
0.404
0.198
0.384
0.44
0.226
0.20800000000000002
0.338
0.422
0.28200000000000003
0.24
0.324
0.324
0.198
0.20600000000000002
0.28800000000000003
0.396
0.292
0.29
0.194
0.372
0.36
0.252
0.27
0.194
0.266
0.298
0.20600000000000002
0.256
0.338
0.252
0.322
0.216
0.2
0.432
0.27
0.198
0.392
0.2
0.394
0.32
0.196
0.23600000000000002
0.398
0.29
0.232
0.198
0.402
0.34400000000000003
0.25
0.20800000000000002
0.304
0.29
0.20600000000000002
0.21
0.216
0.28600000000000003
0.396
0.21
0.43
0.276
0.306
0.276
0.382
0.276
0.334
0.37
0.23800000000000002
0.274
0.244
0.31
0.23600000000000002
0.306
0.298
0.4
0.3
0.232
0.21
0.374
0.312
0.434
0.23600000000000002
0.388
0.404
0.222
0.194
0.254
0.40800000000000003
0.20600000000000002
0.41200000000000003
0.368
0.312
0.28400000000000003
