0.34400000000000003
0.508
0.62
0.6940000000000001
0.716
0.728
0.748
0.772
0.768
0.768
0.756
0.774
0.766
0.778
0.748
0.786
0.778
0.766
0.772
0.776
0.778
0.772
0.778
0.77
0.772
0.78
0.774
0.78
0.77
0.772
0.774
0.782
0.778
0.772
0.786
0.78
0.782
0.776
0.78
0.764
0.774
0.776
0.77
0.764
0.77
0.774
0.772
0.774
0.768
0.776
0.774
0.772
0.772
0.776
0.78
0.77
0.764
0.77
0.778
0.776
0.776
0.772
0.78
0.778
0.78
0.772
0.778
0.764
0.772
0.77
0.77
0.778
0.77
0.77
0.77
0.774
0.774
0.776
0.776
0.782
0.774
0.776
0.774
0.778
0.782
0.784
0.782
0.782
0.776
0.776
0.78
0.784
0.778
0.784
0.78
0.786
0.774
0.794
0.79
0.782
