0.45
0.592
0.618
0.668
0.646
0.68
0.684
0.6920000000000001
0.678
0.678
0.6920000000000001
0.6940000000000001
0.674
0.6880000000000001
0.6900000000000001
0.686
0.686
0.6900000000000001
0.682
0.67
0.676
0.668
0.68
0.664
0.68
0.676
0.674
0.678
0.686
0.682
0.674
0.674
0.676
0.656
0.672
0.684
0.674
0.674
0.676
0.656
0.676
0.662
0.658
0.656
0.652
0.664
0.676
0.664
0.672
0.666
0.662
0.666
0.664
0.668
0.67
0.668
0.67
0.664
0.658
0.672
0.666
0.66
0.644
0.658
0.652
0.654
0.65
0.652
0.662
0.658
0.664
0.658
0.66
0.66
0.654
0.664
0.664
0.662
0.65
0.662
0.644
0.658
0.656
0.66
0.658
0.666
0.666
0.658
0.658
0.666
0.668
0.668
0.672
0.668
0.658
0.656
0.654
0.66
0.65
0.646
