0.364
0.394
0.418
0.48
0.388
0.438
0.458
0.37
0.458
0.516
0.4
0.312
0.5740000000000001
0.326
0.58
0.266
0.616
0.65
0.364
0.63
0.6900000000000001
0.536
0.6960000000000001
0.604
0.582
0.706
0.644
0.298
0.708
0.6920000000000001
0.742
0.68
0.378
0.464
0.664
0.746
0.386
0.544
0.676
0.58
0.606
0.656
0.654
0.648
0.542
0.542
0.426
0.594
0.456
0.644
0.6920000000000001
0.514
0.626
0.542
0.6940000000000001
0.536
0.76
0.534
0.622
0.63
0.736
0.6880000000000001
0.748
0.54
0.664
0.596
0.706
0.766
0.622
0.732
0.592
0.6880000000000001
0.52
0.676
0.526
0.62
0.586
0.68
0.556
0.742
0.628
0.734
0.61
0.6900000000000001
0.614
0.76
0.554
0.722
0.552
0.75
0.654
0.764
0.724
0.768
0.648
0.738
0.618
0.778
0.772
0.6880000000000001
