0.176
0.49
0.578
0.63
0.626
0.672
0.64
0.678
0.682
0.662
0.7000000000000001
0.6900000000000001
0.684
0.6880000000000001
0.676
0.6920000000000001
0.6920000000000001
0.6980000000000001
0.6940000000000001
0.686
0.686
0.682
0.6900000000000001
0.6880000000000001
0.6940000000000001
0.686
0.6920000000000001
0.6960000000000001
0.6900000000000001
0.684
0.68
0.6900000000000001
0.6920000000000001
0.674
0.684
0.6880000000000001
0.684
0.6900000000000001
0.686
0.684
0.686
0.6900000000000001
0.6900000000000001
0.686
0.672
0.682
0.68
0.674
0.676
0.68
0.676
0.664
0.676
0.67
0.68
0.682
0.684
0.676
0.668
0.67
0.676
0.662
0.66
0.676
0.676
0.674
0.668
0.664
0.674
0.67
0.676
0.674
0.676
0.676
0.668
0.67
0.676
0.67
0.676
0.664
0.662
0.674
0.668
0.666
0.666
0.656
0.65
0.646
0.656
0.66
0.658
0.658
0.656
0.652
0.646
0.652
0.658
0.664
0.656
0.662
