0.274
0.36
0.562
0.542
0.68
0.624
0.7000000000000001
0.6900000000000001
0.714
0.718
0.712
0.726
0.736
0.742
0.728
0.748
0.74
0.738
0.734
0.736
0.736
0.748
0.746
0.748
0.74
0.734
0.74
0.748
0.748
0.75
0.734
0.732
0.744
0.746
0.746
0.75
0.762
0.744
0.748
0.748
0.754
0.75
0.762
0.748
0.75
0.748
0.756
0.754
0.75
0.76
0.756
0.748
0.762
0.752
0.76
0.76
0.746
0.754
0.754
0.754
0.746
0.746
0.756
0.75
0.746
0.738
0.752
0.734
0.746
0.754
0.756
0.758
0.76
0.756
0.752
0.75
0.762
0.75
0.764
0.758
0.768
0.766
0.764
0.77
0.76
0.76
0.758
0.76
0.76
0.76
0.76
0.754
0.758
0.758
0.764
0.756
0.752
0.764
0.76
0.756
