0.44
0.388
0.41000000000000003
0.41000000000000003
0.444
0.41200000000000003
0.442
0.41600000000000004
0.496
0.448
0.47400000000000003
0.47800000000000004
0.494
0.51
0.482
0.526
0.48
0.47000000000000003
0.646
0.504
0.47000000000000003
0.47400000000000003
0.534
0.428
0.548
0.73
0.47000000000000003
0.522
0.53
0.5740000000000001
0.682
0.62
0.502
0.682
0.526
0.502
0.622
0.624
0.72
0.434
0.712
0.544
0.642
0.548
0.708
0.538
0.626
0.7020000000000001
0.518
0.506
0.6900000000000001
0.584
0.762
0.726
0.542
0.672
0.59
0.714
0.59
0.608
0.646
0.6960000000000001
0.646
0.538
0.5720000000000001
0.734
0.76
0.754
0.5740000000000001
0.604
0.5700000000000001
0.676
0.55
0.706
0.638
0.65
0.718
0.64
0.744
0.56
0.6960000000000001
0.654
0.756
0.588
0.7000000000000001
0.584
0.738
0.682
0.614
0.732
0.75
0.74
0.6960000000000001
0.758
0.584
0.762
0.758
0.772
0.622
0.71
