0.272
0.34800000000000003
0.5640000000000001
0.548
0.678
0.628
0.7020000000000001
0.6980000000000001
0.714
0.714
0.714
0.734
0.738
0.74
0.73
0.752
0.742
0.736
0.732
0.732
0.74
0.746
0.748
0.742
0.738
0.734
0.738
0.742
0.748
0.748
0.738
0.738
0.744
0.744
0.742
0.75
0.76
0.748
0.752
0.754
0.748
0.748
0.758
0.75
0.748
0.742
0.76
0.75
0.754
0.758
0.756
0.75
0.762
0.76
0.758
0.756
0.746
0.752
0.746
0.752
0.75
0.75
0.756
0.748
0.748
0.742
0.742
0.732
0.742
0.75
0.75
0.752
0.75
0.75
0.746
0.748
0.762
0.75
0.758
0.758
0.772
0.758
0.764
0.766
0.758
0.752
0.76
0.754
0.754
0.76
0.756
0.756
0.758
0.752
0.762
0.754
0.754
0.76
0.754
0.756
