0.176
0.496
0.5740000000000001
0.638
0.626
0.664
0.638
0.662
0.68
0.658
0.672
0.68
0.686
0.6880000000000001
0.686
0.6880000000000001
0.686
0.6960000000000001
0.6920000000000001
0.686
0.68
0.6880000000000001
0.686
0.686
0.686
0.6980000000000001
0.686
0.6980000000000001
0.6900000000000001
0.686
0.684
0.6900000000000001
0.6920000000000001
0.67
0.6960000000000001
0.684
0.682
0.6880000000000001
0.686
0.6900000000000001
0.6900000000000001
0.6900000000000001
0.6880000000000001
0.6880000000000001
0.668
0.684
0.684
0.678
0.684
0.686
0.686
0.676
0.684
0.674
0.68
0.6920000000000001
0.674
0.666
0.67
0.672
0.674
0.664
0.66
0.668
0.674
0.666
0.67
0.666
0.678
0.67
0.674
0.674
0.67
0.672
0.674
0.672
0.678
0.676
0.678
0.666
0.668
0.674
0.668
0.668
0.668
0.652
0.658
0.662
0.66
0.674
0.672
0.664
0.666
0.656
0.628
0.66
0.664
0.672
0.672
0.67
