0.454
0.596
0.614
0.67
0.648
0.68
0.682
0.6920000000000001
0.682
0.68
0.6900000000000001
0.6940000000000001
0.67
0.686
0.6920000000000001
0.68
0.684
0.6900000000000001
0.684
0.668
0.674
0.672
0.678
0.666
0.674
0.678
0.674
0.678
0.684
0.682
0.67
0.672
0.674
0.66
0.668
0.684
0.672
0.674
0.684
0.676
0.678
0.67
0.666
0.66
0.662
0.666
0.67
0.668
0.664
0.668
0.656
0.668
0.664
0.666
0.67
0.666
0.668
0.668
0.658
0.668
0.668
0.652
0.646
0.65
0.648
0.66
0.65
0.65
0.652
0.658
0.658
0.656
0.654
0.652
0.662
0.662
0.66
0.664
0.65
0.66
0.654
0.656
0.662
0.658
0.654
0.658
0.656
0.654
0.66
0.66
0.662
0.66
0.656
0.662
0.652
0.654
0.648
0.658
0.648
0.648
