0.45
0.592
0.618
0.668
0.646
0.68
0.684
0.6920000000000001
0.678
0.678
0.6920000000000001
0.6940000000000001
0.674
0.6880000000000001
0.6900000000000001
0.686
0.686
0.6900000000000001
0.682
0.67
0.676
0.668
0.68
0.664
0.68
0.676
0.674
0.678
0.686
0.682
0.674
0.674
0.676
0.656
0.672
0.684
0.674
0.674
0.676
0.656
0.676
0.662
0.658
0.656
0.652
0.664
0.676
0.664
0.672
0.666
0.662
0.666
0.664
0.668
0.67
0.668
0.67
0.664
0.658
0.672
0.666
0.66
0.644
0.658
0.652
0.654
0.65
0.652
0.662
0.658
0.664
0.658
0.66
0.66
0.654
0.664
0.664
0.662
0.65
0.662
0.644
0.658
0.656
0.66
0.658
0.666
0.666
0.658
0.658
0.666
0.668
0.668
0.672
0.668
0.658
0.656
0.654
0.66
0.65
0.646
0.656
0.658
0.65
0.654
0.664
0.658
0.654
0.658
0.648
0.652
0.654
0.656
0.656
0.66
0.658
0.648
0.654
0.664
0.664
0.658
0.644
0.642
0.642
0.64
0.652
0.648
0.648
0.646
0.652
0.638
0.65
0.652
0.648
0.642
0.644
0.658
0.654
0.648
0.642
0.642
0.65
0.646
0.652
0.652
0.65
0.634
0.64
0.64
0.642
0.642
0.646
0.65
0.644
0.652
0.65
0.652
0.658
0.646
0.652
0.66
0.658
0.66
0.664
0.646
0.634
0.632
0.63
0.644
0.65
0.652
0.654
0.64
0.632
0.634
0.636
0.64
0.642
0.642
0.636
0.64
0.634
0.638
0.652
0.65
0.65
0.648
0.644
0.652
0.648
0.64
0.632
0.63
0.632
0.642
0.636
0.646
0.638
0.638
0.642
0.642
0.64
0.636
0.644
0.642
0.648
0.65
0.65
0.654
0.654
0.656
0.65
0.642
0.632
0.636
0.638
0.638
0.642
0.642
0.638
0.642
0.636
0.644
0.644
0.64
0.638
0.64
0.642
0.642
0.646
0.64
0.66
0.652
0.648
0.64
0.646
0.636
0.626
0.624
0.63
0.636
0.64
0.638
0.64
0.638
0.626
0.624
0.636
0.642
0.648
0.646
0.642
0.642
0.646
0.648
0.664
0.654
0.65
0.644
0.638
0.638
0.636
0.648
0.648
0.65
0.654
0.646
0.648
0.648
0.652
0.654
0.642
0.646
0.644
0.644
0.64
0.634
0.64
0.64
0.64
0.636
0.636
0.63
0.644
0.634
0.642
0.65
0.64
0.636
0.656
0.656
0.658
0.658
0.664
0.66
0.654
0.65
0.648
0.65
0.652
0.646
