0.454
0.596
0.614
0.67
0.648
0.68
0.682
0.6920000000000001
0.682
0.68
0.6900000000000001
0.6940000000000001
0.67
0.686
0.6920000000000001
0.68
0.684
0.6900000000000001
0.684
0.668
0.674
0.672
0.678
0.666
0.674
0.678
0.674
0.678
0.684
0.682
0.67
0.672
0.674
0.66
0.668
0.684
0.672
0.674
0.684
0.676
0.678
0.67
0.666
0.66
0.662
0.666
0.67
0.668
0.664
0.668
0.656
0.668
0.664
0.666
0.67
0.666
0.668
0.668
0.658
0.668
0.668
0.652
0.646
0.65
0.648
0.66
0.65
0.65
0.652
0.658
0.658
0.656
0.654
0.652
0.662
0.662
0.66
0.664
0.65
0.66
0.654
0.656
0.662
0.658
0.654
0.658
0.656
0.654
0.66
0.66
0.662
0.66
0.656
0.662
0.652
0.654
0.648
0.658
0.648
0.648
0.654
0.656
0.654
0.654
0.658
0.654
0.65
0.654
0.65
0.654
0.652
0.654
0.652
0.656
0.654
0.66
0.66
0.662
0.664
0.648
0.644
0.64
0.638
0.64
0.634
0.638
0.64
0.636
0.638
0.642
0.65
0.656
0.65
0.644
0.64
0.658
0.66
0.648
0.642
0.646
0.646
0.648
0.652
0.65
0.644
0.622
0.642
0.644
0.638
0.642
0.648
0.65
0.646
0.638
0.652
0.652
0.652
0.644
0.642
0.642
0.646
0.658
0.66
0.638
0.636
0.632
0.636
0.632
0.64
0.648
0.648
0.638
0.636
0.634
0.636
0.64
0.642
0.638
0.634
0.638
0.64
0.638
0.65
0.642
0.638
0.65
0.64
0.648
0.648
0.644
0.642
0.636
0.636
0.652
0.644
0.642
0.636
0.636
0.644
0.638
0.638
0.646
0.648
0.646
0.65
0.65
0.65
0.648
0.654
0.646
0.642
0.64
0.632
0.632
0.636
0.634
0.63
0.646
0.652
0.65
0.64
0.646
0.636
0.64
0.634
0.628
0.634
0.63
0.638
0.64
0.642
0.638
0.638
0.632
0.636
0.63
0.62
0.626
0.626
0.618
0.64
0.634
0.638
0.63
0.628
0.632
0.642
0.64
0.634
0.636
0.638
0.648
0.646
0.648
0.66
0.65
0.65
0.648
0.644
0.638
0.638
0.63
0.636
0.64
0.636
0.644
0.638
0.638
0.646
0.65
0.638
0.648
0.652
0.646
0.632
0.632
0.64
0.634
0.636
0.622
0.626
0.632
0.626
0.634
0.64
0.642
0.63
0.63
0.644
0.65
0.658
0.642
0.656
0.664
0.64
0.646
0.644
0.65
0.64
0.64
