0.176
0.496
0.5740000000000001
0.638
0.626
0.664
0.638
0.662
0.68
0.658
0.672
0.68
0.686
0.6880000000000001
0.686
0.6880000000000001
0.686
0.6960000000000001
0.6920000000000001
0.686
0.68
0.6880000000000001
0.686
0.686
0.686
0.6980000000000001
0.686
0.6980000000000001
0.6900000000000001
0.686
0.684
0.6900000000000001
0.6920000000000001
0.67
0.6960000000000001
0.684
0.682
0.6880000000000001
0.686
0.6900000000000001
0.6900000000000001
0.6900000000000001
0.6880000000000001
0.6880000000000001
0.668
0.684
0.684
0.678
0.684
0.686
0.686
0.676
0.684
0.674
0.68
0.6920000000000001
0.674
0.666
0.67
0.672
0.674
0.664
0.66
0.668
0.674
0.666
0.67
0.666
0.678
0.67
0.674
0.674
0.67
0.672
0.674
0.672
0.678
0.676
0.678
0.666
0.668
0.674
0.668
0.668
0.668
0.652
0.658
0.662
0.66
0.674
0.672
0.664
0.666
0.656
0.628
0.66
0.664
0.672
0.672
0.67
0.668
0.674
0.672
0.662
0.656
0.666
0.666
0.674
0.662
0.658
0.656
0.658
0.67
0.676
0.672
0.656
0.674
0.674
0.68
0.676
0.67
0.67
0.672
0.684
0.676
0.67
0.684
0.678
0.668
0.662
0.484
0.656
0.642
0.612
0.632
0.638
0.638
0.634
0.624
0.644
0.648
0.65
0.654
0.634
0.634
0.614
0.646
0.62
0.654
0.662
0.664
0.664
0.666
0.66
0.666
0.666
0.664
0.664
0.668
0.642
0.656
0.662
0.662
0.648
0.654
0.656
0.656
0.648
0.66
0.658
0.658
0.654
0.648
0.648
0.648
0.648
0.634
0.642
0.638
0.648
0.658
0.644
0.65
0.65
0.666
0.666
0.664
0.666
0.666
0.664
0.66
0.66
0.664
0.67
0.668
0.666
0.668
0.66
0.662
0.658
0.656
0.662
0.658
0.662
0.67
0.654
0.65
0.654
0.66
0.652
0.642
0.64
0.65
0.65
0.652
0.662
0.656
0.656
0.664
0.652
0.654
0.65
0.652
0.65
0.65
0.65
0.656
0.65
0.65
0.654
0.658
0.65
0.65
0.65
0.648
0.648
0.65
0.646
0.642
0.642
0.65
0.642
0.652
0.65
0.65
0.654
0.648
0.642
0.65
0.652
0.654
0.638
0.66
0.656
0.662
0.664
0.658
0.654
0.652
0.658
0.658
0.658
0.66
0.656
0.654
0.654
0.656
0.652
0.65
0.652
0.65
0.656
0.654
0.656
0.65
0.656
0.656
0.65
0.652
0.648
0.648
0.652
0.644
0.65
0.644
0.654
0.652
0.64
0.656
0.654
0.652
0.644
0.64
0.662
0.652
0.66
0.652
0.658
0.642
0.646
