0.176
0.49
0.578
0.63
0.626
0.672
0.64
0.678
0.682
0.662
0.7000000000000001
0.6900000000000001
0.684
0.6880000000000001
0.676
0.6920000000000001
0.6920000000000001
0.6980000000000001
0.6940000000000001
0.686
0.686
0.682
0.6900000000000001
0.6880000000000001
0.6940000000000001
0.686
0.6920000000000001
0.6960000000000001
0.6900000000000001
0.684
0.68
0.6900000000000001
0.6920000000000001
0.674
0.684
0.6880000000000001
0.684
0.6900000000000001
0.686
0.684
0.686
0.6900000000000001
0.6900000000000001
0.686
0.672
0.682
0.68
0.674
0.676
0.68
0.676
0.664
0.676
0.67
0.68
0.682
0.684
0.676
0.668
0.67
0.676
0.662
0.66
0.676
0.676
0.674
0.668
0.664
0.674
0.67
0.676
0.674
0.676
0.676
0.668
0.67
0.676
0.67
0.676
0.664
0.662
0.674
0.668
0.666
0.666
0.656
0.65
0.646
0.656
0.66
0.658
0.658
0.656
0.652
0.646
0.652
0.658
0.664
0.656
0.662
0.66
0.658
0.66
0.662
0.666
0.66
0.664
0.668
0.662
0.648
0.654
0.654
0.674
0.668
0.662
0.658
0.672
0.674
0.682
0.668
0.664
0.672
0.666
0.678
0.682
0.674
0.678
0.5760000000000001
0.65
0.642
0.654
0.66
0.672
0.658
0.65
0.668
0.668
0.664
0.666
0.66
0.656
0.66
0.66
0.662
0.662
0.664
0.658
0.664
0.654
0.664
0.666
0.668
0.652
0.646
0.648
0.656
0.652
0.652
0.654
0.654
0.646
0.658
0.658
0.652
0.646
0.65
0.66
0.654
0.662
0.662
0.658
0.656
0.654
0.654
0.656
0.652
0.654
0.654
0.646
0.65
0.65
0.652
0.656
0.656
0.656
0.654
0.656
0.658
0.656
0.652
0.652
0.646
0.65
0.656
0.654
0.654
0.656
0.648
0.658
0.654
0.656
0.656
0.652
0.652
0.66
0.662
0.658
0.658
0.656
0.656
0.648
0.656
0.65
0.652
0.658
0.652
0.66
0.666
0.668
0.666
0.658
0.66
0.66
0.66
0.654
0.654
0.654
0.654
0.656
0.652
0.664
0.654
0.658
0.658
0.66
0.646
0.64
0.642
0.648
0.64
0.656
0.646
0.67
0.668
0.646
0.66
0.674
0.67
0.67
0.66
0.67
0.662
0.672
0.668
0.666
0.662
0.664
0.664
0.662
0.664
0.662
0.668
0.664
0.658
0.666
0.666
0.668
0.67
0.66
0.658
0.654
0.666
0.666
0.67
0.666
0.664
0.66
0.658
0.66
0.654
0.66
0.656
0.654
0.658
0.658
0.662
0.666
0.662
0.67
0.666
0.67
0.658
0.664
0.678
0.67
0.658
0.652
0.656
0.654
0.656
