0.364
0.386
0.396
0.406
0.388
0.224
0.47200000000000003
0.34800000000000003
0.458
0.528
0.396
0.232
0.582
0.292
0.548
0.40800000000000003
0.63
0.648
0.616
0.25
0.52
0.592
0.686
0.642
0.59
0.686
0.596
0.294
0.6920000000000001
0.678
0.712
0.624
0.47600000000000003
0.47000000000000003
0.642
0.7020000000000001
0.398
0.652
0.726
0.678
0.424
0.628
0.624
0.66
0.342
0.56
0.444
0.592
0.506
0.62
0.728
0.554
0.676
0.686
0.648
0.76
0.682
0.776
0.684
0.686
0.592
0.658
0.728
0.67
0.728
0.5740000000000001
0.71
0.626
0.768
0.624
0.728
0.542
0.674
0.598
0.726
0.666
0.612
0.764
0.72
0.762
0.628
0.748
0.724
0.684
0.74
0.546
0.718
0.622
0.708
0.77
0.64
0.708
0.704
0.734
0.712
0.752
0.638
0.758
0.762
0.74
0.736
0.744
0.642
0.712
0.6980000000000001
0.756
0.632
0.774
0.708
0.71
0.652
0.6960000000000001
0.636
0.762
0.53
0.62
0.686
0.776
0.74
0.718
0.77
0.776
0.67
0.778
0.754
0.738
0.678
0.748
0.742
0.768
0.746
0.778
0.716
0.724
0.766
0.758
0.766
0.772
0.746
0.764
0.66
0.77
0.75
0.768
0.724
0.764
0.724
0.74
0.768
0.762
0.72
0.766
0.704
0.754
0.764
0.762
0.718
0.764
0.778
0.73
0.62
0.75
0.686
0.618
0.752
0.754
0.752
0.624
0.734
0.766
0.72
0.764
0.768
0.766
0.752
0.764
0.77
0.756
0.754
0.736
0.768
0.75
0.736
0.748
0.758
0.766
0.762
0.76
0.744
0.746
0.716
0.768
0.768
0.768
0.758
0.666
0.722
0.758
0.766
0.766
0.762
0.752
0.76
0.766
0.766
0.768
0.728
0.75
0.76
0.774
0.748
0.768
0.738
0.762
0.768
0.768
0.768
0.726
0.778
0.738
0.758
0.772
0.77
0.728
0.764
0.674
0.776
0.766
0.728
0.652
0.762
0.74
0.752
0.764
0.768
0.616
0.762
0.764
0.76
0.75
0.764
0.766
0.736
0.74
0.766
0.762
0.76
0.756
0.764
0.76
0.73
0.612
0.728
0.712
0.764
0.762
0.75
0.758
0.75
0.684
0.734
0.762
0.76
0.752
0.766
0.746
0.772
0.762
0.74
0.75
0.756
0.736
0.74
0.756
0.756
0.6980000000000001
0.748
0.732
0.752
0.672
0.756
0.76
0.736
0.756
0.752
0.766
0.77
0.762
0.746
0.71
0.724
0.746
0.752
0.758
0.766
0.762
0.754
0.766
0.766
0.73
0.746
0.744
0.76
0.764
0.766
0.746
0.77
0.768
0.71
0.74
0.748
0.682
0.754
0.764
0.756
0.748
0.764
0.774
0.746
0.746
0.752
0.74
0.744
0.684
0.712
0.746
0.766
0.6960000000000001
0.556
0.6
0.55
0.736
0.716
0.716
0.756
0.75
0.7020000000000001
0.684
0.762
0.748
0.748
0.758
0.74
0.76
0.756
0.77
0.732
0.764
0.768
0.77
0.768
0.752
0.548
0.764
0.77
0.73
0.76
0.762
0.622
0.764
0.766
0.778
0.762
0.746
0.74
0.78
0.74
0.75
0.756
0.754
0.758
0.77
0.752
0.75
0.748
0.764
0.764
0.742
0.744
0.728
0.714
0.74
0.77
0.764
0.744
0.75
0.75
0.754
0.768
0.756
0.752
0.74
0.758
0.746
0.744
0.776
0.75
0.754
0.762
0.726
0.756
0.756
0.738
0.746
0.754
0.768
0.762
0.732
0.726
0.76
0.756
0.772
0.746
0.758
0.752
0.742
0.774
0.772
0.6980000000000001
0.77
0.772
0.754
0.772
0.752
0.746
0.742
0.75
0.746
0.748
0.744
0.78
0.758
0.718
0.76
0.74
0.772
0.76
0.768
0.728
0.772
0.764
0.752
0.758
0.75
0.756
0.738
0.754
0.748
0.748
0.768
0.728
0.756
0.704
0.766
0.77
0.762
0.714
0.748
0.736
0.746
0.742
0.726
0.772
0.764
0.754
0.754
0.77
0.774
0.754
0.746
0.75
0.75
0.75
0.768
0.736
0.74
0.748
0.738
0.528
0.772
0.756
0.752
0.762
0.762
0.746
0.75
0.762
0.75
0.686
0.766
0.768
0.76
0.742
0.764
0.766
0.774
0.754
0.684
0.712
0.754
