0.176
0.496
0.5740000000000001
0.638
0.626
0.664
0.638
0.662
0.68
0.658
0.672
0.68
0.686
0.6880000000000001
0.686
0.6880000000000001
0.686
0.6960000000000001
0.6920000000000001
0.686
0.68
0.6880000000000001
0.686
0.686
0.686
0.6980000000000001
0.686
0.6980000000000001
0.6900000000000001
0.686
0.684
0.6900000000000001
0.6920000000000001
0.67
0.6960000000000001
0.684
0.682
0.6880000000000001
0.686
0.6900000000000001
0.6900000000000001
0.6900000000000001
0.6880000000000001
0.6880000000000001
0.668
0.684
0.684
0.678
0.684
0.686
