0.44
0.388
0.41000000000000003
0.41000000000000003
0.444
0.41200000000000003
0.442
0.41600000000000004
0.496
0.448
0.47400000000000003
0.47800000000000004
0.494
0.51
0.482
0.526
0.48
0.47000000000000003
0.646
0.504
0.47000000000000003
0.47400000000000003
0.534
0.428
0.548
0.73
0.47000000000000003
0.522
0.53
0.5740000000000001
0.682
0.62
0.502
0.682
0.526
0.502
0.622
0.624
0.72
0.434
0.712
0.544
0.642
0.548
0.708
0.538
0.626
0.7020000000000001
0.518
0.506
