0.176
0.49
0.578
0.63
0.626
0.672
0.64
0.678
0.682
0.662
0.7000000000000001
0.6900000000000001
0.684
0.6880000000000001
0.676
0.6920000000000001
0.6920000000000001
0.6980000000000001
0.6940000000000001
0.686
0.686
0.682
0.6900000000000001
0.6880000000000001
0.6940000000000001
0.686
0.6920000000000001
0.6960000000000001
0.6900000000000001
0.684
0.68
0.6900000000000001
0.6920000000000001
0.674
0.684
0.6880000000000001
0.684
0.6900000000000001
0.686
0.684
0.686
0.6900000000000001
0.6900000000000001
0.686
0.672
0.682
0.68
0.674
0.676
0.68
